22
14
22
14
15
23
15
23
15
22
15
22
14
16
20
22
6
7
8
9
13
16
21
23
24
25
5
10
11
12
16
25
4
17
23
24
3
16
21
22
3
3
3
3
3
3
3
3
3
3
3
3
3
3
3
4
4
4
3
4
3
3
3
4
5
6
6
7
8
9
9
9
10
10
11
11
12
12
12
13
14
14
15
15
16
16
17
17
18
18
19
19
19
19
20
20
18
19
20
14
15
16
17
18
9
10
11
12
13
14
8
9
7
8
7
7
7
6
7
6
5
6
4
5
3
4
3
3
3
3
3
3
3
4
4
4
4
5
5
5
5
5
5
5
5
5
6
6
6
4
5
3
4
3
3
4
4
4
3
4
4
5
5
6
6
6
6
6
7
7
8
8
8
7
8
9
10
10
10
11
11
11
12
13
13
14
15
16
16
17
17
17
16
17
17
18
18
18
18
17
18
17
16
17
16
16
17
18
19
19
20
20
20
